  1790             , 65140
  1790             , 65140
  1790             , 65140
  1790             , 65140
  1790             , 65140
  1790             , 75872
  1790             , 86604
  1790             , 97336
  1790             , 108068
  1794             , 118839
  1794             , 129611
  1794             , 140381
  1794             , 151151
  1794             , 161922
  1794             , 172690
  1794             , 183460
  1794             , 194235
  1794             , 205005
  1794             , 215784
  1794             , 226556
  1794             , 237326
  1794             , 248096
  1794             , 258866
  1794             , 269636
  1794             , 280406
  1794             , 291176
  1794             , 301946
  1794             , 312718
  1794             , 323486
  1794             , 334261
  1794             , 345031
  1794             , 355801
  1794             , 366571
  1794             , 377341
  1794             , 388111
  1794             , 398881
  1794             , 409651
  1794             , 420421
  1794             , 431191
  1794             , 441963
  1794             , 452733
  1794             , 463503
  1794             , 474273
  1794             , 485043
  1794             , 495813
  1794             , 506583
  1794             , 590701
  1794             , 601471
  1794             , 612241
  1794             , 696355
  1794             , 599614
  1794             , 502873
  1794             , 442647
  1794             , 345906
  1794             , 249125
  1794             , 259898
  1794             , 270668
  1794             , 281438
  1794             , 292208
  1794             , 302983
  1794             , 313756
  1794             , 324526
  1794             , 335320
  1794             , 346093
  1794             , 356887
  1794             , 367681
  1794             , 378454
  1794             , 389248
  1794             , 400042
  1794             , 410838
  1794             , 421632
  1794             , 432426
  1794             , 443220
  1794             , 454014
  1794             , 464808
  1794             , 475602
  1794             , 486396
  1794             , 497190
  1794             , 507984
  1794             , 518780
  1794             , 529574
  1794             , 540368
  1794             , 551162
  1794             , 561956
  1794             , 572750
  1794             , 583544
  1794             , 594338
  1794             , 605132
  1794             , 615926
  1794             , 626722
  1794             , 700880
  1794             , 711674
  1794             , 722468
  1794             , 860039
  1794             , 737136
  1794             , 614233
  1794             , 554719
  1794             , 565513
  1794             , 442589
  1798             , 516883
  1798             , 394179
  1798             , 405017
  1798             , 415851
  1798             , 426685
  1798             , 437519
  1798             , 448353
  1798             , 459191
  1798             , 470025
  1798             , 480859
  1798             , 491693
  1798             , 502527
  1798             , 513361
  1798             , 524195
  1798             , 535033
  1798             , 545867
  1798             , 556702
  1798             , 567540
  1798             , 578372
  1798             , 589208
  1798             , 600042
  1798             , 610880
  1798             , 621714
  1798             , 632548
  1798             , 643382
  1798             , 654216
  1798             , 665054
  1798             , 675888
  1798             , 686726
  1798             , 697558
  1798             , 708393
  1798             , 719227
  1798             , 730065
  1798             , 740903
  1798             , 751760
  1798             , 762760
  1798             , 773607
  1798             , 784449
  1798             , 975843
  1798             , 986681
  1798             , 997523
  1798             , 1189080
  1798             , 1039143
  1798             , 889152
  1798             , 903782
  1798             , 840394
  1798             , 690458
  1798             , 701297
  1798             , 712135
  1798             , 562055
  1798             , 572900
  1798             , 583739
  1798             , 594581
  1798             , 605418
  1798             , 616266
  1798             , 627105
  1798             , 637943
  1798             , 648781
  1798             , 659620
  1798             , 670457
  1798             , 681297
  1798             , 692143
  1798             , 702980
  1798             , 713817
  1798             , 724649
  1798             , 735487
  1798             , 746325
  1798             , 757163
  1798             , 768000
  1798             , 778838
  1798             , 789678
  1798             , 800517
  1798             , 811361
  1798             , 822201
  1798             , 833031
  1798             , 843866
  1798             , 854705
  1798             , 865544
  1798             , 876383
  1798             , 887221
  1798             , 898062
  1798             , 908900
  1798             , 1154427
  1798             , 1165271
  1798             , 1176107
  1798             , 999180
  1798             , 1056961
  1798             , 1067801
  1798             , 890792
  1798             , 831251
  1798             , 842090
  1798             , 852928
  1798             , 863763
  1798             , 874601
  1798             , 697566
  1798             , 708402
  1798             , 719235
  1798             , 730073
  1798             , 740909
  1798             , 751747
  1798             , 762586
  1798             , 773422
  1798             , 784263
  1798             , 795100
  1798             , 805938
  1798             , 816783
  1798             , 827620
  1798             , 838457
  1798             , 849293
  1798             , 860131
  1798             , 870971
  1798             , 881810
  1798             , 892648
  1798             , 903486
  1798             , 914323
  1798             , 925161
  1798             , 935996
  1798             , 946837
  1798             , 957673
  1798             , 968511
  1798             , 979349
  1798             , 990189
  1798             , 1001028
  1798             , 1011866
  1798             , 1022704
  1798             , 1033542
  1798             , 1044380
  1798             , 1055218
  1798             , 1354755
  1798             , 1365593
  1798             , 1376432
  1798             , 1387270
  1798             , 1471946
  1798             , 1482784
  1798             , 1278790
  1798             , 1219262
  1798             , 1015265
  1798             , 1026103
  1798             , 821987
  1798             , 832829
  1798             , 843668
  1798             , 854504
  1798             , 865342
  1798             , 876180
  1798             , 887018
  1798             , 897856
  1798             , 908694
  1798             , 919532
  1798             , 930370
  1798             , 941208
  1798             , 952052
  1798             , 962888
  1798             , 973726
  1798             , 984562
  1798             , 995400
  1798             , 1006238
  1798             , 1017076
  1798             , 1027915
  1798             , 1038753
  1798             , 1049591
  1798             , 1060431
  1798             , 1071273
  1798             , 1082111
  1798             , 1092947
  1798             , 1103783
  1798             , 1114621
  1798             , 1125459
  1798             , 1136297
  1798             , 1147135
  1798             , 1157973
  1798             , 1168813
  1798             , 1179760
  1798             , 1362148
  1798             , 1372990
  1798             , 1383828
  1798             , 1152741
  1798             , 1677620
  1798             , 1446711
  1798             , 1215658
  1798             , 1156232
  1798             , 1167068
  1798             , 1177907
  1798             , 1188748
  1798             , 957623
  1798             , 968461
  1798             , 979296
  1798             , 990136
  1798             , 1000974
  1798             , 1011813
  1798             , 1022662
  1798             , 1033508
  1798             , 1044346
  1798             , 1055184
  1798             , 1066022
  1798             , 1076863
  1798             , 1087701
  1798             , 1098540
  1798             , 1109375
  1798             , 1120213
  1798             , 1131050
  1798             , 1141890
  1798             , 1152729
  1798             , 1163568
  1798             , 1174406
  1798             , 1185244
  1798             , 1196072
  1798             , 1206914
  1798             , 1217747
  1798             , 1228583
  1798             , 1239420
  1798             , 1250263
  1798             , 1261101
  1798             , 1271939
  1798             , 1282777
  1798             , 1293615
  1798             , 1304453
  1798             , 1315291
  1798             , 1524331
  1798             , 1535165
  1798             , 1546000
  1798             , 1556838
  1798             , 1892959
  1798             , 1903800
  1798             , 1654422
  1798             , 1585785
  1798             , 1327875
  1798             , 1338713
  1798             , 1080581
  1798             , 1091426
  1798             , 1102260
  1798             , 1113099
  1798             , 1123933
  1798             , 1134779
  1798             , 1145617
  1798             , 1156457
  1798             , 1167296
  1798             , 1178129
  1798             , 1188967
  1798             , 1199804
  1798             , 1210644
  1798             , 1221482
  1798             , 1232320
  1798             , 1243165
  1798             , 1254003
  1798             , 1264838
  1798             , 1275676
  1798             , 1286513
  1798             , 1297351
  1798             , 1308189
  1798             , 1319027
  1798             , 1329865
  1798             , 1340703
  1798             , 1351541
  1798             , 1362381
  1798             , 1373219
  1798             , 1384059
  1798             , 1394897
  1798             , 1405735
  1798             , 1416573
  1798             , 1427411
  1798             , 1438251
  1798             , 1449093
  1798             , 1459929
  1798             , 1470767
  1798             , 1481603
  1798             , 2411555
  1798             , 2126710
  1798             , 1851690
  1798             , 1786911
  1798             , 1502236
  1798             , 1513076
  1798             , 1523914
  1798             , 1239202
  1798             , 1250040
  1798             , 1260876
  1798             , 1271712
  1798             , 1282550
  1798             , 1293388
  1798             , 1304226
  1798             , 1315064
  1798             , 1325904
  1798             , 1336742
  1798             , 1347580
  1798             , 1358424
  1798             , 1369260
  1798             , 1380096
  1798             , 1390934
  1798             , 1401770
  1798             , 1412608
  1798             , 1423446
  1798             , 1434286
  1798             , 1445124
  1798             , 1455962
  1798             , 1466800
  1798             , 1477644
  1798             , 1488480
  1798             , 1499318
  1798             , 1510154
  1798             , 1520990
  1798             , 1531828
  1798             , 1542667
  1798             , 1553505
  1798             , 1564343
  1798             , 1575181
  1798             , 1586019
  1798             , 1596863
  1798             , 1607701
  1798             , 1618550
  1798             , 2401633
  1798             , 2412493
  1798             , 2423346
  1798             , 2691564
  1798             , 2375051
  1798             , 2058555
  1798             , 1999651
  1798             , 1683292
  1798             , 1366946
  1798             , 1377791
  1798             , 1388629
  1798             , 1399467
  1798             , 1410306
  1798             , 1421145
  1798             , 1431982
  1798             , 1442823
  1798             , 1453661
  1798             , 1464498
  1798             , 1475336
  1798             , 1486177
  1798             , 1497021
  1798             , 1507858
  1798             , 1518698
  1798             , 1529533
  1798             , 1540369
  1798             , 1551206
  1798             , 1562044
  1798             , 1572885
  1798             , 1583722
  1798             , 1594560
  1798             , 1605398
  1798             , 1616241
  1798             , 1627079
  1798             , 1637916
  1798             , 1648751
  1798             , 1659589
  1798             , 1670424
  1798             , 1681261
  1798             , 1692102
  1798             , 1702941
  1798             , 1713780
  1798             , 1724618
  1798             , 1735462
  1798             , 2030337
  1798             , 2041172
  1798             , 2052010
  1798             , 2914900
  1798             , 2570878
  1798             , 2226874
  1798             , 1882869
  1798             , 1538843
  1798             , 1549681
  1798             , 1571822
  1798             , 1500519
  1798             , 1511357
  1798             , 1522195
  1798             , 1533030
  1798             , 1543867
  1798             , 1554705
  1798             , 1565543
  1798             , 1576381
  1798             , 1587218
  1798             , 1598056
  1798             , 1608894
  1798             , 1619732
  1798             , 1630570
  1798             , 1641410
  1798             , 1652248
  1798             , 1663086
  1798             , 1673926
  1798             , 1684764
  1798             , 1695602
  1798             , 1706442
  1798             , 1717280
  1798             , 1728118
  1798             , 1738960
  1798             , 1749798
  1798             , 1760634
  1798             , 1771471
  1798             , 1782307
  1798             , 1793145
  1798             , 1803983
  1798             , 1814823
  1798             , 1825661
  1798             , 1836499
  1798             , 1847337
  1798             , 1858181
  1798             , 1869017
  1798             , 1879855
  1798             , 2514066
  1798             , 2524902
  1798             , 2535740
  1798             , 3169968
  1798             , 2799281
  1798             , 2428638
  1798             , 2369691
  1798             , 1998998
  1798             , 1628278
  1798             , 1639116
  1798             , 1649952
  1798             , 1660788
  1798             , 1671624
  1798             , 1682464
  1798             , 1693302
  1798             , 1704140
  1798             , 1714978
  1798             , 1725814
  1798             , 1736652
  1798             , 1747490
  1798             , 1758333
  1798             , 1769169
  1798             , 1780005
  1798             , 1790844
  1798             , 1801682
  1798             , 1812520
  1798             , 1823358
  1798             , 1834196
  1798             , 1845034
  1798             , 1855872
  1798             , 1866710
  1798             , 1877553
  1798             , 1888389
  1798             , 1899228
  1798             , 1910064
  1798             , 1920902
  1798             , 1931740
  1798             , 1942578
  1798             , 1953416
  1798             , 1964254
  1798             , 1975092
  1798             , 1985930
  1798             , 1996773
  1798             , 2007612
  1798             , 2018448
  1798             , 2708009
  1798             , 2718847
  1798             , 2743513
  1798             , 3010316
  1798             , 2611995
  1798             , 2213651
  1798             , 2224492
  1798             , 1826139
  1798             , 1836983
  1798             , 2187199
  1798             , 2198037
  1798             , 2208875
  1798             , 2219715
  1798             , 1821347
  1798             , 1832186
  1798             , 1843026
  1798             , 1853864
  1798             , 1864704
  1798             , 1875542
  1798             , 1886387
  1798             , 1897226
  1798             , 1908074
  1798             , 1918911
  1798             , 1929750
  1798             , 1940589
  1798             , 1951426
  1798             , 1962265
  1798             , 1973102
  1798             , 1983937
  1798             , 1994776
  1798             , 2005623
  1798             , 2016456
  1798             , 2027291
  1798             , 2038130
  1798             , 2048969
  1798             , 2059808
  1798             , 2070645
  1798             , 2081489
  1798             , 2092322
  1798             , 2103158
  1798             , 2113997
  1798             , 2124840
  1798             , 2135677
  1798             , 2146515
  1798             , 2157353
  1798             , 2535206
  1798             , 2546045
  1798             , 2556883
  1798             , 2949681
  1798             , 3242738
  1798             , 2816708
  1798             , 2827546
  1798             , 2401512
  1798             , 1975497
  1798             , 2353373
  1798             , 2364211
  1798             , 1938183
  1798             , 1949023
  1798             , 1959862
  1798             , 1970700
  1798             , 1981538
  1798             , 1992376
  1798             , 2003214
  1798             , 2014058
  1798             , 2024896
  1798             , 2035732
  1798             , 2046568
  1798             , 2057404
  1798             , 2068244
  1798             , 2079082
  1798             , 2089920
  1798             , 2100758
  1798             , 2111596
  1798             , 2122434
  1798             , 2133272
  1798             , 2144115
  1798             , 2154951
  1798             , 2165787
  1798             , 2176626
  1798             , 2187464
  1798             , 2198302
  1798             , 2209140
  1798             , 2219978
  1798             , 2230816
  1798             , 2241654
  1798             , 2252492
  1798             , 2263335
  1798             , 2274171
  1798             , 2285010
  1798             , 2690554
  1798             , 2701392
  1798             , 2728366
  1798             , 3512495
  1798             , 3058851
  1798             , 2999502
  1798             , 3010763
  1798             , 2557093
  1798             , 2498181
  1798             , 2509020
  1798             , 2519856
  1798             , 2530692
  1798             , 2541530
  1798             , 2087842
  1798             , 2098680
  1798             , 2109518
  1798             , 2120356
  1798             , 2131194
  1798             , 2142032
  1798             , 2152878
  1798             , 2163714
  1798             , 2174550
  1798             , 2185386
  1798             , 2196224
  1798             , 2207062
  1798             , 2217900
  1798             , 2228738
  1798             , 2239576
  1798             , 2250414
  1798             , 2261254
  1798             , 2272098
  1798             , 2282934
  1798             , 2293770
  1798             , 2304606
  1798             , 2315444
  1798             , 2326282
  1798             , 2337120
  1798             , 2347958
  1798             , 2358796
  1798             , 2369634
  1798             , 2380472
  1798             , 2391317
  1798             , 2402153
  1798             , 2412989
  1798             , 2423825
  1798             , 2434663
  1798             , 2857320
  1798             , 3279981
  1798             , 3290819
  1798             , 3319001
  1798             , 3644071
  1798             , 3654945
  1798             , 3585432
  1798             , 3104042
  1798             , 2622685
  1798             , 2633528
  1798             , 2152137
  1798             , 2162978
  1798             , 2173818
  1798             , 2184660
  1798             , 2195500
  1798             , 2206341
  1798             , 2217179
  1798             , 2228022
  1798             , 2238856
  1798             , 2249697
  1798             , 2260534
  1798             , 2271371
  1798             , 2282215
  1798             , 2293063
  1798             , 2303899
  1798             , 2314735
  1798             , 2325570
  1798             , 2336404
  1798             , 2347246
  1798             , 2358083
  1798             , 2368918
  1798             , 2379760
  1798             , 2390599
  1798             , 2401440
  1798             , 2412279
  1798             , 2423117
  1798             , 2433957
  1798             , 2444797
  1798             , 2455634
  1798             , 2466472
  1798             , 2477310
  1798             , 2488148
  1798             , 2498986
  1798             , 2509824
  1798             , 2961164
  1798             , 2972004
  1798             , 2982842
  1798             , 3874650
  1798             , 3376187
  1798             , 3387025
  1798             , 3769511
  1798             , 3271043
  1798             , 2772588
  1798             , 2783427
  1798             , 2794263
  1798             , 2805101
  1798             , 2306621
  1798             , 2317459
  1798             , 2328297
  1798             , 2339135
  1798             , 2349973
  1798             , 2360811
  1798             , 2371654
  1798             , 2382493
  1798             , 2393329
  1798             , 2404165
  1798             , 2415003
  1798             , 2425841
  1798             , 2436679
  1798             , 2447517
  1798             , 2458355
  1798             , 2469193
  1798             , 2480031
  1798             , 2490877
  1798             , 2501713
  1798             , 2512549
  1798             , 2523385
  1798             , 2534223
  1798             , 2545061
  1798             , 2555899
  1798             , 2566737
  1798             , 2577575
  1798             , 2588413
  1798             , 2599253
  1798             , 2610097
  1798             , 2620933
  1798             , 2631769
  1798             , 2642605
  1798             , 2653443
  1798             , 2664281
  1798             , 2694867
  1798             , 4093284
  1798             , 4104122
  1798             , 4584088
  1798             , 4594926
  1798             , 4067803
  1798             , 4009807
  1798             , 3482686
  1798             , 2955532
  1798             , 2428396
  1798             , 2439234
  1798             , 2450072
  1798             , 2460911
  1798             , 2471749
  1798             , 2482587
  1798             , 2493425
  1798             , 2504270
  1798             , 2515106
  1798             , 2525942
  1798             , 2536778
  1798             , 2547616
  1798             , 2558454
  1798             , 2569292
  1798             , 2580128
  1798             , 2590966
  1798             , 2601804
  1798             , 2612642
  1798             , 2623489
  1798             , 2634325
  1798             , 2645163
  1798             , 2656001
  1798             , 2666837
  1798             , 2677675
  1798             , 2688514
  1798             , 2699352
  1798             , 2710190
  1798             , 2721028
  1798             , 2731866
  1798             , 2742708
  1798             , 2753546
  1798             , 2764384
  1798             , 2775220
  1798             , 2786056
  1798             , 2796896
  1798             , 2807734
  1798             , 3316256
  1798             , 3824775
  1798             , 3835613
  1798             , 4344118
  1798             , 4286028
  1798             , 3987323
  1798             , 3672398
  1798             , 3116627
  1798             , 3127475
  1798             , 3138316
  1798             , 2582521
  1798             , 2593361
  1798             , 2604201
  1798             , 2615041
  1798             , 2625880
  1798             , 2636721
  1798             , 2647565
  1798             , 2658401
  1798             , 2669241
  1798             , 2680057
  1798             , 2690896
  1798             , 2701734
  1798             , 2712572
  1798             , 2723418
  1798             , 2734261
  1798             , 2745102
  1798             , 2755939
  1798             , 2766777
  1798             , 2777615
  1798             , 2788453
  1798             , 2799291
  1798             , 2810129
  1798             , 2820969
  1798             , 2831807
  1798             , 2842645
  1798             , 2853483
  1798             , 2864321
  1798             , 2875159
  1798             , 2886005
  1798             , 2896841
  1798             , 2907677
  1798             , 2918513
  1798             , 2929351
  1798             , 2940189
  1798             , 3223571
  1798             , 4014241
  1798             , 4297613
  1798             , 4562108
  1798             , 4572948
  1798             , 5636194
  1798             , 5051861
  1798             , 4467545
  1798             , 3883226
  1798             , 3298891
  1798             , 2714557
  1798             , 2725395
  1798             , 2736233
  1798             , 2747071
  1798             , 2757911
  1798             , 2768749
  1798             , 2779593
  1798             , 2790429
  1798             , 2801265
  1798             , 2812101
  1798             , 2822939
  1798             , 2833777
  1798             , 2844615
  1798             , 2855453
  1798             , 2866293
  1798             , 2877131
  1798             , 2887969
  1798             , 2898813
  1798             , 2909649
  1798             , 2920485
  1798             , 2931323
  1798             , 2942159
  1798             , 2952997
  1798             , 2963835
  1798             , 2974672
  1798             , 2985510
  1798             , 2996348
  1798             , 3007186
  1798             , 3018030
  1798             , 3028866
  1798             , 3039702
  1798             , 3050538
  1798             , 3061376
  1798             , 3072214
  1798             , 3083056
  1798             , 3647851
  1798             , 3658689
  1798             , 3669527
  1798             , 5342194
  1798             , 4729340
  1798             , 4116489
  1798             , 3503662
  1798             , 2890821
  1798             , 2901657
  1798             , 2912497
  1798             , 2923335
  1798             , 3488137
  1798             , 3498975
  1798             , 3509813
  1798             , 3520651
  1798             , 2907807
  1798             , 2918649
  1798             , 2929485
  1798             , 2940321
  1798             , 2951161
  1798             , 2961999
  1798             , 2972837
  1798             , 2983675
  1798             , 2994513
  1798             , 3005351
  1798             , 3016189
  1798             , 3027027
  1798             , 3037867
  1798             , 3048703
  1798             , 3059543
  1798             , 3070381
  1798             , 3081219
  1798             , 3092057
  1798             , 3102895
  1798             , 3113733
  1798             , 3124571
  1798             , 3135409
  1798             , 3146247
  1798             , 3157085
  1798             , 3167925
  1798             , 3178763
  1798             , 3189601
  1798             , 3200439
  1798             , 3211277
  1798             , 3222115
  1798             , 3232953
  1798             , 4128909
  1798             , 4419648
  1798             , 4454136
  1798             , 4954937
  1798             , 4314354
  1798             , 3673765
  1798             , 3033158
  1798             , 3044158
  1798             , 3637580
  1798             , 3648428
  1798             , 3659267
  1798             , 3670107
  1798             , 3029496
  1798             , 3040338
  1798             , 3051177
  1798             , 3062017
  1798             , 3072857
  1798             , 3083697
  1798             , 3094538
  1798             , 3105378
  1798             , 3116216
  1798             , 3127054
  1798             , 3137892
  1798             , 3148733
  1798             , 3159575
  1798             , 3170414
  1798             , 3181261
  1798             , 3192099
  1798             , 3202937
  1798             , 3213775
  1798             , 3224613
  1798             , 3235451
  1798             , 3246289
  1798             , 3257129
  1798             , 3267967
  1798             , 3278805
  1798             , 3289643
  1798             , 3300481
  1798             , 3311319
  1798             , 3322157
  1798             , 3332995
  1798             , 3343833
  1798             , 3354671
  1798             , 3365511
  1798             , 3401211
  1798             , 4634231
  1798             , 4645069
  1798             , 5279471
  1798             , 5233838
  1798             , 4564682
  1798             , 4575520
  1798             , 3906336
  1798             , 3860739
pet1000store.json 1802             , 3871616
